4294967294,0
4294967278,38
4294967278,37
4294967278,36
4294967278,35
4294967278,34
4294967278,33
4294967278,32
4294967278,31
4294967278,30
4294967278,29
4294967278,28
4294967278,27
4294967278,26
4294967278,25
4294967278,24
4294967278,23
4294967278,22
4294967278,21
4294967279,30
4294967279,29
4294967279,27
4294967279,26
4294967279,24
4294967279,23
4294967279,22
4294967279,21
4294967279,19
4294967279,17
4294967279,16
4294967279,14
4294967279,13
4294967279,12
4294967279,10
4294967294,52
4294967294,92
4294967294,969
4294967294,1414
4294967278,132
4294967278,131
4294967278,130
4294967278,129
4294967278,128
4294967278,127
4294967278,126
4294967278,125
4294967278,124
4294967278,123
4294967278,122
4294967278,121
4294967278,120
4294967278,247
4294967278,119
4294967278,118
4294967278,117
4294967278,116
4294967278,115
4294967278,114
4294967278,113
4294967278,112
4294967278,111
4294967278,110
4294967278,229
4294967278,109
4294967278,227
4294967278,108
4294967278,225
4294967278,107
4294967278,223
4294967278,106
4294967278,221
4294967278,105
4294967278,219
4294967278,104
4294967278,217
4294967278,103
4294967278,102
4294967278,101
4294967278,100
4294967278,99
4294967278,98
4294967278,97
4294967278,96
4294967278,95
4294967278,94
4294967278,93
4294967278,92
4294967278,91
4294967278,90
4294967278,89
4294967278,87
4294967278,86
4294967278,85
4294967278,84
4294967278,83
4294967278,82
4294967278,81
4294967278,80
4294967278,79
4294967278,78
4294967278,77
4294967278,76
4294967278,75
4294967278,74
4294967278,73
4294967278,72
4294967278,71
4294967278,70
4294967278,69
4294967278,68
4294967278,67
4294967278,66
4294967278,65
4294967278,64
4294967278,63
4294967278,62
4294967278,61
4294967278,60
4294967278,59
4294967278,58
4294967278,57
4294967278,56
4294967278,55
4294967278,54
4294967278,53
4294967278,52
4294967278,51
4294967278,50
4294967278,49
4294967278,48
4294967278,47
4294967278,46
4294967278,45
4294967278,44
4294967278,43
4294967278,42
4294967278,41
4294967278,40
4294967278,39
4294967279,260
4294967279,0
4294967279,174
4294967279,28
4294967279,25
4294967279,283
4294967279,20
4294967279,18
4294967279,15
4294967279,273
4294967279,11
4294967279,9
4294967279,8
4294967279,7
4294967279,6
4294967279,5
4294967279,4
4294967294,30
4294967294,61
4294967294,93
4294967294,95
4294967294,50
4294967294,12
4294967294,22
4294967294,17
4294967294,76
4294967294,1415
4294967294,43
4294967294,416
4294967294,51
4294967294,470
4294967294,25
4294967294,946
4294967294,26
0,5
4294967279,567
4294967294,7
4294967294,6
4294967294,81
4294967294,82
4294967294,83
4294967294,67
4294967294,68
4294967294,11
4294967294,88
4294967294,436
4294967279,566
4294967294,1419
61,5
61,4
61,3
61,2
61,1
59,4
59,3
59,2
59,1
58,6
58,5
58,4
58,3
58,2
58,1
57,5
4294967279,565
57,4
57,3
57,2
57,1
4294967278,373
4294967279,564
4294967279,563
4294967278,372
56,5
56,4
56,3
56,2
56,1
4294967279,562
55,5
55,4
55,3
55,2
55,1
54,4
54,3
54,2
54,1
53,4
53,3
53,2
53,1
52,4
52,3
52,2
52,1
4294967279,561
4294967279,560
51,6
4294967279,559
51,5
51,4
51,3
51,2
51,1
4294967279,558
50,5
50,4
50,3
50,2
50,1
4294967278,371
49,5
49,4
49,3
49,2
49,1
4294967279,557
4294967278,370
4294967279,556
48,5
48,4
48,3
48,2
48,1
47,4
47,3
47,2
47,1
4294967279,555
4294967279,554
4294967278,369
4294967279,553
46,4
46,3
46,2
46,1
4294967278,368
4294967278,367
45,6
4294967279,552
45,5
45,4
45,3
45,2
45,1
4294967278,366
44,5
44,4
44,3
44,2
44,1
4294967279,551
4294967279,550
43,5
43,4
43,3
43,2
43,1
42,5
42,4
42,3
42,2
42,1
41,4
41,3
41,2
41,1
4294967279,549
4294967279,548
4294967279,547
4294967278,365
4294967279,546
4294967279,545
4294967279,544
40,4
40,3
40,2
40,1
4294967279,543
39,4
39,3
39,2
39,1
38,4
38,3
38,2
38,1
4294967278,364
4294967279,542
37,6
37,5
37,4
37,3
37,2
37,1
4294967278,363
36,5
36,4
36,3
36,2
36,1
4294967279,541
4294967278,362
4294967279,540
4294967279,539
4294967279,538
35,5
35,4
35,3
35,2
35,1
4294967278,361
4294967279,537
4294967278,360
4294967278,359
34,5
34,4
34,3
34,2
34,1
4294967279,536
33,4
33,3
33,2
33,1
4294967278,358
4294967279,535
4294967278,357
4294967278,356
4294967279,534
4294967278,355
4294967279,533
4294967278,354
4294967279,532
4294967278,353
4294967279,531
4294967279,530
4294967278,352
32,4
32,3
32,2
32,1
